Result: 282.470211963386305 F
Result: 357.611260118898713 F
Result: -253.585123721211858 F
